4
1 1
2
2 3
1 4
5 3
1 5 3 7 9
400 2131231
215069294 311962007 86128677 385788725 753820417 394002377 255532674 906573271 54404747 679162307 131589623 
179656373 97642526 100364171 876662343 113981581 577648320 198294838 891854070 208116667 424885267 107628342 65686953 299460181 479838562 460457228 25739512 864854522 712507288 151291765 195282556 927576582 315770127 133927588 165881660 69590543 527929965 421414334 828680169 582334712 100576641 960269792 761991085 50735521 913150317 491169781 17233456 490798637 689464620 909087526 551431658 114349886 869232222 469634965 266326421 201587137 930092193 292065933 66441658 642599481 443357699 114240569 422692416 759127826 248168157 588574077 681234723 776098122 862504765 362431245 210949187 815597760 322701036 972940272 718849635 88367707 464110053 736083092 579166344 6091026 497686971 130598001 120440912 219435547 452749320 239283687 421022684 382841512 531349621 339980697 877957347 974707320 454221266 153166117 586351499 554905777 741740194 120102575 183520252 456761312 482533821 394469439 272359072 657751211 367409710 991208707 746118918 684036117 579808152 177801615 690127143 77495123 160915970 663084409 296930670 613665290 902368097 717953354 996506803 433717717 57934050 726980503 260941390 364671670 880146620 699809243 919577447 474403167 819911818 103097698 931164480 
154961992 350083491 56039905 812713204 717493202 47248611 411348475 254045672 479573118 589150091 944172816 
557068241 750066061 607257224 706515265 363731351 362141674 276984972 212754507 795859391 187435377 939735010 909317135 552107047 672397984 609126377 324200848 146801150 281554549 279814900 77965629 289032895 629898392 134005534 101746098 199907947 33770500 365610928 453953619 365859972 954761019 250642788 922928213 704827079 857900013 481959831 921074784 72558040 758944803 133829290 868417432 946380180 926080655 630250920 351003581 450994992 91893651 675204429 597796142 373448200 807535683 528278126 662481095 289950428 514800014 616743548 489858375 401086868 982354476 796328349 766946840 789631848 46971136 542391406 346975280 757387503 24351236 268050064 829945544 635812394 254395708 550879329 582192573 32992716 181130248 933196154 483987708 273023899 460916936 934300205 498988453 120968973 315094684 13985902 410919401 829894698 630729450 900777777 83497920 465600279 549622479 702961114 107748480 596593615 97868874 454723760 206497472 122220110 722773824 36443015 610548858 829685887 587322344 45257785 862678603 620968946 978453939 199182665 893992846 291887229 133482869 245497652 412856202 301093907 259483554 823775603 130988604 890213004 577069733 67002878 208329636 126692211 769963993 316078116 575802181 867832867 770801877 782299653 842569331 346092054 671259022 305634543 28294294 111097719 350892328 890972898 732066665 181862620 942671917 478575864 473749849 928671140 724073517 739122405 229765046 983557071 415414362 213270004 726286429 992484095 132789237 934616065 971692661 902753230 103210535 400011195 623102450 726528766 34827201 318188134 72620819 706086223 623822677 100915114 817183942 974715005 844404366 401766960 9093979 639592636 880342825 482843828 568263775 604416341 74482587 650545175 440489765 489896949 863815179 166776193 334897397 996604416 953908613 159106411 751873999 57119147 559117606 227492802 636164267 446461161 398197291 561301440 5063737 22019967 514732908 822247679 849251327 211653627 76530993 858345306 851246263 956873818 193705487 272026391 413806512 268188074 922571566 854296277 758085023 638903099 21072470 92982420 488023868 827497437 104605185 92414221 737132938 663722792 319907023 373297204 110183952 718104314 934598644 115247690 592640636 301847906 790011723 294408316 513501533 866542716 5269975 364747796 675932887 51491816 636774187 89739398 319679891 411862107 944035676 930281268 50765205 817624500 875780042 538789073 497638290 980385228 631203294 234771227 496624373 803626672 460584785 459324679 374247339 247699782 427088723 966887975 549547688 69616800 113812644