3
2 2
1 2
4 2
3 2
6 3 1
1 4 3
300 50
241 302 480 885 857 624 906 271 982 372 181 829 598 748 491 302 181 539 311 944 295 742 213 416 307 414 452 618 908 525 47 149 178 526 385 34 149 643 657 482 14 837 310 963 937 152 265 117 691 575 412 337 668 624 105 974 389 908 591 297 432 989 797 610 866 533 995 14 175 651 847 188 840 156 151 776 308 767 244 350 341 655 38 360 631 142 333 19 49 276 667 833 264 463 794 130 348 788 495 522 791 694 62 630 849 564 757 508 330 352 209 22 6 247 381 636 740 713 7 789 340 673 621 956 488 766 437 835 553 931 708 343 976 769 324 825 332 432 684 13 783 893 34 789 491 414 776 230 479 782 370 818 807 342 125 294 107 561 128 12 844 187 354 819 956 30 995 639 461 679 652 244 923 685 384 765 451 159 994 281 293 716 450 99 57 575 744 516 135 223 527 978 409 880 797 364 909 791 355 722 821 6 965 743 690 348 507 492 858 853 772 502 920 222 952 976 796 695 491 282 917 17 260 326 249 56 41 509 198 395 230 19 400 194 113 442 893 972 285 751 176 57 252 95 630 204 70 777 898 913 58 167 281 317 844 881 724 884 390 922 631 619 940 30 165 404 823 57 375 108 159 550 516 763 644 145 966 66 273 215 330 330 381 
610 647 576 491 370 460 232 643 90 202 934 471 366 338 646 775 712
467 380 402 126 871 81 213 361 421 422 73 871 984 800 187 61 346 1 91 789 40 92 948 695 544 184 710 837 327 279 232 146 11 633 271 881 713 835 241 485 257 665 707 592 817 894 5 514 894 447 654 933 538 602 627 82 137 688 
270 815 967 502 312 977 134 583 209 847 769 801 683 377 817 390 969 633 283 325 498 176 771 152 461 309 105 439 742 241 127 11 407 445 512 719 421 646 653 981 844 421 133 526 798 949 915 118 934 549 794 431 725 564 582 537 224 686 975 965 278 101 328 685 545 839 755 317 836 407 649 31 179 781 909 976 730 175 445 663 724 238 93 800 154 675 336 377 360 310 694 638 763 21 674 659 211 428 976 399 834 976 781 12 757 689 340 486 216 136 500 939 726 944 90 879 618 425 607 330 86 300 319 200 672 344 859 883 771 186 633 956 161 413 319 269 454 10 106 669 146 605 959 871 549 400 101 518 824 707 199 261 359 517 813 30 860 671 264 982 208 896 937 720 661 608 989 466 617 94 486 114 51 796 336 951 195 436 820 370 495 19 982 853 887 794 882 99 816 146 80 23 393 369 95 405 328 83 222 944 528 59 410 930 854 745 232 400 181 52 769 675 70 751 527 308 896 760 406 712 257 838 86 650 558 1