1500
1 2 10 5 7 4 6 1 2 2 1 9 8 8 1 2 1 9 1 4 5 2 3 6 7 4 2 8 8 5 7 9 8 6 5 4 9 3 7 2 4 7 10 3 7 2 5 7 1 5 2 7 8 4 5 4 9 8 1 7 2 9 7 10 6 3 5 4 5 1 7 8 10 6 1 6 8 7 4 10 1 5 8 10 1 2 3 9 9 6 7 3 4 3 4 10 8 8 5 2 1 4 2 
10 9 4 7 8 10 2 9 2 6 7 1 6 10 3 7 9 10 3 1 6 8 6 7 5 3 1 8 3 6 9 4 5 2 2 4 3 3 3 4 9 1 4 6 10 9 2 10 8 7 2 5 4 7 1 8 2 4 7 4 9 6 10 5 9 1 9 2 4 3 5 4 5 1 9 4 1 3 6 10 9 7 5 4 6 5 3 7 8 9 10 7 4 9 1 5 2 1 6 5 3 10 8 7 2 8 3 2 2 10 2 2 6 6 5 1 2 7 7 10 6 9 6 1 9 8 5 10 9 10 4 3 2 3 2 5 1 6 7 2 5 10 4 10 7 8 3 8 7 1 7 4 1 4 4 10 2 1 9 10 10 5 4 3 7 5 8 9 10 6 3 4 5 6 6 3 5 10 10 1 10 7 6 1 10 10 2 3 10 2 4 1 6 8 6 5 2 5 3 4 
10 5 7 6 2 4 8 9 3 7 1 3 5 7 5 7 6 6 9 7 7 5 9 5 2 4 1 5 10 5 8 9 2 5 6 3 8 3 3 3 2 4 7 8 10 1 4 7 8 5 5 6 9 3 2 2 9 2 6 8 7 4 9 8 10 4 2 9 9 5 1 2 8 9 9 9 1 5 5 8 9 9 6 9 3 7 10 3 9 7 3 7 2 1 4 1 6 7 2 6 1 4 9 10 3 8 8 3 4 4 3 2 4 8 2 7 6 3 1 6 9 3 2 1 5 7 3 3 4 4 10 6 10 9 6 4 6 5 6 1 9 10 2 2 7 5 10 5 7 3 10 5 5 2 7 2 8 10 4 3 5 3 1 4 1 8 9 8 2 5 8 2 4 1 4 3 7 5 7 3 7 6 10 4 9 6 5 9 5 10 3 2 2 3 7 5 10 6 4 2 2 4 3 7 6 8 1 3 3 7 5 1 5 4 4 5 2 8 3 8 7 8 9 1 10 8 7 10 3 2 3 6 7 7 2 3 7 3 7 1 1 3 1 7 9 5 4 10 4 8 7 3 5 8 3 5 5 1 6 9 2 10 4 1 8 7 3 4 9 1 4 2 3 5 8 1 1 3 2 4 1 1 8 5 8 10 9 4 2 6 2 6 7 7 6 5 5 10 8 6 10 2 7 4 8 6 5 10 
9 8 5 9 8 3 3 5 4 4 10 6 1 3 1 8 9 8 2 6 7 1 1 8 4 7 1 3 4 7 2 2 5 7 10 2 9 5 9 2 10 10 9 10 3 1 9 3 10 10 8 6 3 8 3 6 4 4 9 8 2 10 1 6 8 3 10 6 9 10 10 8 9 10 9 1 3 8 4 2 7 1 8 1 1 2 7 6 7 5 5 9 6 6 4 4 10 5 1 8 
4 2 5 3 2 5 3 4 2 8 5 1 1 4 1 1 6 7 8 4 3 3 2 9 10 8 4 9 2 4 8 6 6 4 10 9 8 2 2 10 2 8 10 2 4 2 4 9 9 1 4 3 5 6 1 4 5 6 4 6 10 1 3 7 4 2 5 2 6 8 3 9 5 4 2 8 5 5 8 5 7 2 8 4 9 10 7 3 6 3 10 7 5 5 3 9 8 7 2 5 6 6 3 
10 9 4 10 3 10 9 8 9 2 5 2 2 6 10 4 1 4 6 7 9 10 9 7 9 7 10 4 2 5 8 4 3 2 5 7 3 5 6 3 7 10 4 8 6 6 4 8 9 9 5 9 10 5 7 10 4 6 3 5 2 1 10 6 4 6 3 8 1 8 1 7 10 6 6 7 3 9 4 4 9 10 2 10 7 9 10 10 6 4 6 8 6 6 3 1 3 7 9 
3 7 1 9 6 8 7 2 1 5 7 6 6 9 7 5 5 7 6 4 3 10 9 2 7 6 6 8 1 3 8 3 9 10 4 6 7 10 9 9 6 7 4 1 5 3 6 9 1 1 4 5 2 5 8 9 2 4 8 2 8 7 5 8 6 10 3 2 9 1 3 6 7 8 7 4 2 2 4 5 4 8 9 8 2 7 8 5 2 5 7 9 1 3 6 8 4 10 1 4 2 3 9 10 3 5 3 4 8 7 8 2 6 9 1 9 7 8 3 8 4 1 6 6 3 3 3 8 2 5 1 3 10 10 2 2 4 7 7 2 3 7 5 10 5 5 8 3 4 10 10 7 1 7 4 5 9 8 3 2 2 3 6 1 2 7 4 8 5 1 9 9 9 3 8 5 9 5 7 2 7 6 10 9 4 5 5 2 4 7 3 5 2 8 8 5 6 3 4 3 5 2 1 3 6 9 9 
6 5 5 7 1 2 8 9 5 2 4 8 5 2 2 2 5 1 1 2 9 3 5 1 10 9 1 2 4 1 3 10 6 7 8 6 1 8 7 7 1 10 5 8 3 6 1 8 9 1 1 7 5 5 7 4 5 9 8 9 10 10 10 5 8 9 2 8 6 8 5 9 9 1 6 2 6 6 1 6 8 3 2 4 9 8 8 4 9 7 2 8 8 3 4 5 3 5 5 1 3 1 9 3 1 4 6 8 1 8 4 8 10 5 1 9 5 10 2 3 6 5 2 5 9 5 10 1 9 6 1 3 6 9 8 8 4 3 5 4 1 10 1 2 5 2 10 1 1 3 5 9 9 6 3 7 2 4 10 2 9 10 7 6 1 4 3 4 6 10 8 8 9 8 2 5 1 3 7 4 6 1 4 6 8 6 3 1 2 2 3 2 3 9 8 3 2 2 7 9 3 6 9 2 3 10 8 6 4 5 9 1 7 2 7 7 9 1 7 10 2 9 4 6 9 1 9 2 4 7 1 7 2 1 10 6 2 9 1 5 5 1 6 4 2 2 10 3 2 8 4 5 9 7 10 7 9 10 9 3 6 1 1 9 1 2 5 4 2 7 8 7 8 5 10 1 8 1 3 9 8 7 5 8 5 7 5 4 6 5 8 4 5 10 4 7 1 10 10 2 7 7 10 4 4 1 4 
1 1 9 10 1 7 6 8 1 2 4 4 10 8 3 5 2 2 10 8 4 10 9 8 6 6 7 1 9 8 6 9 10 4 10 2 2 8 2 5 1 5 10 2 5 3 8 6 4 8 6 8 7 4 5 2 1 3 4 1 2 9 2 2 5 3 5 6 10 6 10 1 3
2500
1254 36 787 1040 220 1489 1026 49 292 273 152 355 725 1387 1163 428 369 704 471 169 809 174 133 1500 809 323 1499 1243 438 1494 1176 191 29 814 83 601 802 1108 1001 1094 1380 1153 1448 956 1391 1463 236 612 1018 706 780 327 879 913 326 540 1235 324 282 525 317 1457 715 698 1123 1149 1298 424 756 798 17 987 802 317 795 693 279 1030 156 1296 235 935 122 1466 699 799 505 786 1475 786 1310 643 1095 876 1340 717 525 1489 1140 1280 1139 9 1119 440 325 413 1132 955 1442 1287 750 528 1074 1224 493 272 522 1349 1057 848 635 866 1491 581 242 1330 149 1118 171 140 897 1309 148 515 248 824 1279 232 278 1220 370 1380 248 1443 1103 1092 215 476 
941 123 1324 427 1341 1314 1007 82 1495 1155 51 165 146 947 325 294 314 573 1469 92 804 599 164 1173 478 411 1116 432 2 182 907 942 656 1082 220 496 1247 1226 929 94 1232 979 610 1378 426 935 523 1091 7 843 1182 810 1441 1345 834 418 607 801 1201 961 1334 960 754 490 541 974 985 640 1051 414 733 783 1392 1342 1012 669 776 34 611 1134 876 645 795 1169 841 129 438 1448 1281 139 1260 1115 1098 513 104 490 1486 1088 1481 1037 
353 713 671 597 907 182 1265 534 567 728 168 294 1372 962 1462 712 1442 400 1011 1223 890 770 837 839 1283 940 180 120 879 161 8 84 1225 678 680 631 1211 796 17 277 23 184 571 1394 1497 884 606 1439 135 468 13 1376 1238 849 714 1020 640 894 1491 370 1406 1499 453 1130 676 1132 613 387 428 629 1015 802 1164 437 696 1160 1321 153 1450 307 620 314 183 357 14 896 228 653 641 219 1375 546 217 327 176 892 311 788 130 1090 268 1145 391 1431 81 1438 1442 253 90 1392 560 1062 557 742 1418 571 489 498 75 1130 716 1449 527 1284 628 702 1027 1290 341 1157 879 608 1153 121 890 1233 59 832 338 148 1075 897 1209 131 490 1479 701 978 476 776 959 1191 724 1486 1326 203 1039 852 1492 232 508 870 839 160 991 229 245 1401 1412 934 48 986 330 109 1116 1171 87 669 1000 562 1444 811 604 1019 796 429 1222 686 132 65 917 640 1287 608 1151 1129 1188 247 1029 1099 1180 1076 584 361 1184 551 31 122 1219 1031 1035 1162 341 490 1033 1488 1270 1106 1025 1402 1170 442 893 956 1049 543 584 1088 1142 112 686 821 40 1269 1182 75 319 64 197 390 1094 83 51 286 573 1083 273 342 688 1298 595 710 591 1487 165 491 530 1101 78 171 64 763 1343 103 883 1024 178 53 1088 726 442 1033 808 845 1319 232 779 443 926 319 592 20 1028 34 7 44 524 888 1144 953 1410 1208 567 1252 162 301 1128 339 354 1067 1416 1147 599 1076 491 769 1307 1270 64 732 88 1007 1104 1467 1041 1110 10 416 849 6 221 758 1213 787 509 1374 1088 488 565 293 54 832 1439 1005 407 430 625 214 551 688 1297 990 547 900 956 439 861 1317 854 209 1322 1074 966 1386 713 327 112 300 814 1028 592 1220 359 882 724 1118 163 200 1331 713 1240 1479 554 286 1231 361 724 591 530 429 800 351 355 617 589 1067 1295 700 218 961 579 1161 680 937 542 255 554 705 454 736 269 193 
1067 1175 830 797 35 405 239 564 834 1390 1267 1188 507 355 1106 653 1406 1323 113 836 1335 792 272 728 1398 1178 1432 704 765 553 1248 683 227 578 1479 613 982 218 1177 667 107 1295 706 965 501 311 118 406 485 230 93 319 1374 364 1047 123 393 1330 826 10 734 574 692 960 3 671 425 1336 1240 453 503 198 247 1208 15 747 19 484 4 855 1065 96 26 938 811 1072 1061 56 1253 738 65 487 1311 756 298 1313 278 1074 1149 369 26 503 919 272 210 933 1370 580 268 225 1435 1332 320 1460 1122 1483 1383 682 38 1487 271 454 473 82 61 1123 246 691 696 246 1411 722 748 829 1345 1310 613 67 389 1232 291 675 1064 963 634 685 1297 868 218 186 855 488 639 
1327 921 1051 1301 1167 241 849 264 504 422 1364 184 618 1173 1149 684 413 880 975 1088 443 789 221 1479 585 1089 196 770 443 684 260 621 456 1310 774 474 403 122 738 906 895 953 1441 12 625 1089 696 1037 469 522 
976 1263 1310 49 1242 394 1137 1437 15 431 972 274 1403 1428 83 1028 753 837 1 1490 594 895 1294 535 907 418 123 454 307 591 975 134 354 1136 182 447 381 170 383 395 952 207 1020 855 486 1102 734 1238 791 735 80 1384 129 1373 418 1387 643 541 340 1301 1483 166 1434 688 1301 116 1134 181 637 17 927 89 575 446 1295 1060 400 528 1149 1190 1262 1228 1425 243 1101 343 129 595 1235 821 747 1217 1338 680 405 1139 1147 38 171 284 
406 1450 724 980 395 518 891 1146 1045 540 1187 807 267 1112 1401 219 306 29 1165 40 1201 411 1256 1039 1443 512 1029 1089 550 1199 224 1307 1500 947 1139 747 316 881 392 1361 1420 79 1019 539 42 919 1109 347 1299 774 386 1000 36 493 538 1478 1005 418 1419 406 468 494 212 468 293 202 1214 608 1083 105 468 1002 535 1486 392 576 1256 1 922 1055 1126 159 554 1161 652 1443 1139 156 360 1409 913 827 402 1476 1294 694 178 1359 154 112 1464 621 1465 850 959 357 278 1066 709 51 620 334 210 1173 1494 1213 1467 1484 1368 678 244 1132 5 646 1107 150 191 1284 361 344 247 676 1317 212 25 1127 568 302 692 1276 353 164 109 914 188 454 626 155 790 845 832 1385 476 1188 530 434 190 1073 570 550 268 816 77 436 1027 101 414 94 755 1458 221 1459 121 681 872 308 1135 1497 462 776 1193 146 660 168 185 42 601 726 1466 1170 127 585 838 203 1021 364 304 286 458 1410 243 1030 1368 363 211 739 671 197 1087 1132 972 779 129 483 1298 314 876 750 1391 1193 772 18 278 109 220 150 472 875 435 1281 784 678 811 651 1040 1021 241 210 69 1327 194 1040 957 322 374 1106 987 102 356 878 
1294 1479 1247 71 87 1466 220 910 1193 655 1043 828 184 353 331 1223 225 571 1433 293 750 478 184 206 1151 909 1312 638 1010 519 367 1156 497 113 78 935 430 298 344 474 1304 1386 1302 1487 590 132 61 1166 1054 345 310 303 822 845 861 473 606 1024 1462 467 394 328 122 890 792 200 324 73 849 1019 547 1004 1257 700 990 698 1183 1402 364 1088 247 1025 1391 1068 370 1103 392 975 978 353 1441 1371 1032 415 1112 323 614 287 748 1462 157 146 1317 1413 845 1158 611 879 1059 1326 466 1305 850 708 1225 71 662 116 1397 139 821 190 361 352 604 324 1027 69 610 274 30 1119 419 1346 1031 115 1003 493 993 913 318 310 1070 20 1018 794 442 179 1261 339 670 581 528 1382 1285 1131 206 811 1199 1167 1084 80 785 354 277 668 468 131 1160 312 1395 330 973 964 701 490 257 1142 1021 370 1480 542 1302 859 775 1086 841 980 748 891 999 331 970 635 1036 98 1302 355 580 1314 1018 475 495 491 1438 47 1332 547 1188 1204 916 20 245 717 878 1020 655 571 851 1402 1461 349 585 1283 1336 120 1380 1137 827 812 1302 344 1286 648 834 75 694 1018 621 382 721 388 753 966 1457 482 837 611 1052 539 864 1013 1240 1448 1147 1075 420 1026 1063 1246 337 865 441 474 12 127 549 706 1144 1169 1439 364 57 1043 1329 365 24 1017 975 1428 56 338 940 1295 638 586 869 1057 463 431 1154 1152 147 94 125 511 220 1025 68 1363 1046 6 579 1454 1400 759 318 1423 276 1292 1350 683 481 1141 477 1118 578 197 1026 1393 979 1031 1044 1478 1125 20 488 196 1397 555 411 942 912 989 895 811 247 1212 1085 874 1355 935 56 335 927 532 305 357 
1080 182 249 911 1213 144 888 1189 515 227 1384 411 1133 646 1352 544 134 746 206 381 809 1290 1254 663 1076 162 1350 855 1045 506 1211 625 687 1459 387 751 102 1274 439 616 352 675 1379 1484 1320 1230 879 1454 828 1084 686 136 1225 791 1151 1153 952 1352 507 497 357 569 1473 1395 527 359 646 980 132 1436 447 835 610 325 818 430 407 196 735 1234 131 272 221 1355 1062 1371 1359 866 74 717 1362 430 1285 186 325 663 544 1322 
494 1027 1257 941 361 367 117 1178 1148 523 1373 734 608 355 1005 829 209 918 1051 420 283 1125 1136 496 54 1273 1033 730 787 76 903 1281 1102 660 1073 314 1378 1189 1491 1377 564 215 610 1171 569 466 499 1130 235 402 401 870 26 388 1365 431 160 898 13 947 1325 915 1079 1279 74 651 92 303 691 435 179 1254 649 1140 925 70 105 275 51 340 676 451 1209 1053 838 1425 336 1350 1174 348 796 1351 114 726 1129 540 1376 1220 842 566 154 1373 320 1155 1012 96 1224 1469 722 126 660 1398 576 720 1302 265 996 137 114 670 836 1261 872 950 486 500 1489 361 571 1182 927 725 1054 98 731 566 193 806 534 914 931 1193 1163 6 764 1317 270 259 305 736 1280 1141 496 651 942 982 1150 930 1342 221 611 1120 1297 517 69 879 1082 261 184 467 27 1114 511 41 1471 1274 1357 592 32 514 1327 1312 154 323 462 1447 1304 464 876 1497 1036 338 1469 1184 1206 37 562 787 650 745 
105 676 710 615 1068 680 740 1277 1271 772 290 1450 935 795 272 248 741 427 1063 468 775 598 1157 743 633 863 780 1194 501 1429 438 606 956 1147 72 523 678 812 651 801 435 1292 750 221 586 1021 468 178 299 383 645 1073 980 654 316 465 16 1447 158 516 1375 948 1473 830 946 45 204 124 1208 1207 924 494 998 173 714 84 45 33 261 695 415 1258 267 247 411 934 711 778 880 868 1293 754 667 118 435 113 514 991 236 221 697 1159 1066 546 183 279 981 579 311 1242 1273 1078 1351 39 1324 613 1325 886 1390 704 605 34 310 1272 151 1096 1384 1016 938 119 88 486 129 1153 1032 663 1431 512 1241 594 605 1013 523 455 1403 346 1067 1227 83 1308 783 687 
1342 1444 458 1492 1039 341 1360 829 811 1447 1314 1291 1100 845 453 1382 1357 193 475 813 57 1349 120 312 546 1186 390 628 1346 1172 1315 1187 1467 624 30 1006 1317 1389 686 979 1336 499 770 935 196 74 816 52 619 143 1216 675 1491 1335 986 889 1373 1376 16 1218 1399 182 904 1366 806 933 1223 974 1174 408 452 1009 1258 73 795 1453 147 462 356 765 956 72 291 1299 1406 1277 687 130 4 702 1347 254 884 750 471 541 535 545 14 208 952 817 68 1062 890 862 1014 1036 175 222 652 1131 293 942 929 550 1070 115 680 1425 816 526 179 551 128 1001 1091 1014 46 1456 73 1349 773 140 910 514 1353 776 49 27 997 700 9 1289 141 937 690 63 1403 1369 1487 1071 747 165 121 1226 1166 64 739 63 371 811 1411 1143 1302 821 508 6 96 556 384 1092 107 393 1232 600 181 421 662 84 642 648 1154 1388 1165 1274 1113 1182 189 703 1244 560 13 1154 554 166 474 1062 171 921 469 554 512 928 1298 595 27 1479 1016 1040 62 509 539 67 396 203 192 360 1384 381 1062 1479 1292 1426 1133 345 91 458 258 613 231 727 1166 1094 154 964 189 532 1294 56 423 1355 564 961 1421 959 1164 112 170 1399 844 83 1378 635 360 1362 1332 450 671 89 1414 901 1167 1431 495 172 1246 683 703 1039 738 1125 1245 1301 938 17 1111 601 129 132 851 1324 214 1080 459 573 941 642 1374 112 730 1287 1364 397 1217 358 920 1315 1040 123 853 629 99 598 429 1036 614 391 488 1094 522 1339 1270 1087 1270 580 159 711 1221 384 1174 450 522 1037 1198 591 1395 618 405 1286 1092 1257 415 42 706 1195 1430 1320 438 417 1265 959 607 1034 546 377 113 1056 1439 
1333 292 1464 635 813 1352 684 1403 98 153 307 1384 96 64 650 138 769 696 67 940 1133 835 705 944 294 590 341 670 1055 1396 960 887 539 923 373 1352 774 1409 1254 872 61 61 1107 157 476 608 646 96 1303 1064 1036 936 398 592 731 691 33 1071 212 1087 1318 23 826 357 1297 1198 208 571 1458 313 294 19 725 252 527 1200 859 24 1296 661 1087 1183 448 336 626 30 1379 658 1100 442 245 918 465 1070 126 613 1119 685 1183 1429 997 328 299 222 931 825 273 289 1200 420 1302 1138 102 601 1473 1079 631 203 237 230 645 833 1499 1461 754 476 573 724 1160 608 652 1009 1287 950 82 718 626 354 1006 325 1126 1159 1462 79 260 287 1158 890 489 246 1471 1485 1078 322 1445 331 797 870 1406 809 1477 558 317 115 7 750 832 985 1103 690 1309 1080 348 123 1159 607 409 816 348 1249 1061 671 1234 990 992 30 172 640 899 77 1448 1227 634 616 1342 993 1365 673 477 1320 214 637 899 562 759 909 20 19 224 368 1268 136 1038 1353 1477 881 1382 148 20 1133 225 320 859 1210 1287 1052 702 1152 577 30 1323 790 667 1073 1351 277 482 1371 648 1057 590 767 45 479 619 21 211 852 521 582 484 745 901 195 806 1040 98 360 1043 674 389 865 1464 1407 437 166 536 1270 388 1183 827 1329 449 1223 307 1419 1243 869 770 263 1451 106 1359 1203 652 665 742 749 1024 284 275 264 1148 238 523 437 755 1058 206 1143 1092 1384 971 392 1106 130 310 1201 998 1431 315 948 36 174 651 1039 1190 1392 288 1065 528 562 180 175 1151 702 963 405 611 21 399 202 256 1370 593 214 351 902 1414 1348 833 580 1148 1220 753 298 1111 794 541 1398 710 1068 811 890 95 813 91 1409 69 702 1429 468 1255 185 689 348 398 1039 101 663 1238 1285 1242 885 1357 847 34 967 492 927 1216 1202 846 526 591 1292 190 1033 1201 258 586 1129 1077 341 165 265 1040 914 155 1140 76 245 925 170 1481 781 1016 367 247 7 1293 314 1208 990 839 650 782 1380 535 834 137 1120 814 1214 312 979 330 1351 744 837 991 820 1081 767 989 1061 399 856 1427 997 862 71 1310 922 1061 1000 423 694 879 957 27 1367 929 1192 1080 1240 670 262 1091 266 1098 581 1437 678 199 925 590 597 632 517 93 345 939 1402 118 851 901 541 44 631 349 422 497 1277 114 429 1017 1135 690 607 1400 639 39 1336 1316 237 1112 757 1185 595 125 1277 940 1064 30 1057 414 1282 449 458 412 798 1231 908 574 196 1336 90 1331 877 696 82 15 1086 1418 182 1322 1381 939 1006 476 1063 1134 267 978 1163 1323 1392 944 272 701 207 1069 431 1467 142 979 154 584 809 1031 1279 890 1397 1217 1159 79 1038 1392 1369 896 367 1283 529 633 761 544 807 1004 339 1430 556 546 998 1338 512 1492 816 1017 575 124 547 705 1366 796 421 1376 874 311 1267 1094 1206 485 1228 586 1469 840 1129 776 343 1468 705 898 865 555 736 228 898 51 1244 324 527 643 1028 744 1438 301 619 1163 611 386 1108 668 1222 835 105 1191 175 1234 818 869 53 374 619 1269 928 206 1496 325 608 91 648 1486 733 528 729 1022 1180 1348 1036 642 585 643 1309 306 1478 1413 1496 504 1498 1165 224 402 39 1194 170 966 251 517 143 859 608 1142 1196 192 521 425 66 200 624 1101 841 1208 244 1001 13 573 1266 361 1428 1263 25 503 165 63 197 686 1381 447 1203 375 157 662 16 1353 853 889 277 918 1088 900 871 781 959 1114 281 971 538 398 183 465 161 560 967 677 622 1163 214 854 462 268 1228 618 929 96 822 634 1336 1450 403 923 849 1273 555 659 1238 1188 130 275 85 664 739 597 1223 558 125 697 220 691 50 1033 958 130 503 387 225 1324 1372 60 1274 274 1334 974 399 741 133 136 428 614 411 864 1277 1 313 1352 558 789 548 778 1479 597 662 937 726 1164 175 1302 988 46 213 1113 319 399 586 717 1139 718 853 418 183 115 133 1460 115 445 1311 673 1234 710 302 64 1306 963 1000 884 627 1174 1037 466 1219 1250 78 390 148 1015 1458 1286 233 810 555 767 1276 687 726 1391 1132 888 563 1217 97 864 1280 255 678 1132 1490 156 1157 1026 621 876 775 1050 117 922 565 74 1059 1149 1236 113 415 1011 1152 1493 1253 783 1232 315 851 1329 30 982 435 1060 965 424 1215 622 1449 336 349 1076 237 465 849 801 538 408 449 625 872 864 136 523 1208 240 157 939 555 1359 1119 936 1193 53 495 657 828 562 1278 1129 1249 126 704 1485 942 52 786 332 811 86 956 535 1301 1443 1057 1008 183 66 447 1089 1424 65 876 1468 470 1371 625 1297 784 402 1277 532 880 480 516 321 884 153 652 546 239 460 1080 391 402 989 1399 936 1406 697 524 181 761 1400 149 82 122 773 231 905 26 7 288 905 487 803 78 222 1308 1081 1119 398 40 699 788 794 539 1038 229 444 234 1105 624 
1347 1004 772 1428 1477 396 158 1233 422 517 20 178 1003 1174 255 76 1333 1336 1194 230 227 744 1370 1020 1282 907 1249 577 1493 853 53 191 708 1176 470 1036 72 980 768 845 1496 787 1022 1350 812 129 1425 645 1464 1470 1226 190 714 1095 62 847 854 1310 276 846 1014 328 1036 573 3 357 108 426 1336 1227 1270 1331 865 1144 1180 176 1272 1104 1172 87 1426 898 276 639 492 337 337 1345 498 612 1042 363 939 929 1287 1294 1286 246 571 1121 1472 693 1304 1188 336 983 1364 107 939 1387 193 864 784 820 354 1276 9 690 1472 858 1302 1366 73 1092 1146 1359 1237 931 105 308 904 428 1000 707 116 187 541 331 293 1479 217 837 842 1353 508 47 1480 868 737 1451 226 890 168 650 833 1314 508 570 1096 964 1229 499 244 728 57 711 914 598 1041 58 576 109 1246 270 1461 605 668 1440 1473 256 243 550 1497 410 1199 830 575 558 251 171 374 1479 1021 617 1058 1078 1327 823 527 1219 1232 1454 179 977 575 140 433 1243 79 757 1498 673 1306 1495 1435 1356 1176 509 766 1426 679 1139 1404 200 607 1313 129 785 635 655 855 366 960 1033 194 35 1172 626 1277 103 235 126 775 40 120 709 248 
147 70 1013 72 748 1003 327 1299 109 139 279 1245 773 933 599 1138 745 131 183 779 1303 809 555 257 1395 1032 1383 286 4 944 533 150 1013 397 222 260 1399 548 411 359 687 689 455 1459 474 1053 1449 1218 1184 131 496 1338 1291 1402 446 1185 933 328 1471 936 1271 855 1086 783 1252 159 1395 2 706 305 713 244 993 1167 203 318 1072 503 35 1107 985 882 944 776 783 241 812 568 568 1134 355 339 489 1440 1473 592 450 1367 945 1156 
523 509 1399 16 528 453 685 99 1307 720 1205 792 101 1000 419 1236 1240 1230 303 307 864 657 997 204 949 1322 1147 1398 1188 591 1405 211 1452 156 578 479 960 1262 577 767 833 281 58 1286 132 828 1021 1371 557 175 529 272 1183 26 827 631 1347 473 881 1386 1416 1137 448 1367 144 1377 697 1104 1491 1273 722 823 405 1131 960 536 458 480 758 1014 1006 1286 138 689 163 1316 171 361 289 1403 247 556 1040 1046 774 1183 923 1470 1138 1265 1242 359 587 498 1489 399 1385 446 878 642 312 736 427 801 1424 942 616 94 1302 1256 1497 400 311 1388 1446 1084 1070 1220 1405 1060 984 1146 1418 422 495 259 1172 379 1056 550 1020 219 1285 299 1019 60 1240 487 153 1393 242 501 293 553 388 590 488 310 661 393 1369 496 390 138 1269 885 396 941 115 1452 342 1135 170 478 285 41 537 24 527 1041 1416 768 42 560 172 781 1149 1012 1090 661 256 1310 1156 997 1448 925 381 695 365 496 998 1058 482 1168 35 766 60 923 1141 586 463 1408 205 856 468 729 137 468 592 78 1129 847 240 784 343 187 560 1076 1233 1276 423 731 833 1256 750 1219 521 809 641 513 246 1104 420 802 811 887 382 1299 1355 973 1377 983 671 468 618 1014 1006 1178 941 738 1305 215 1468 638 1470 717 708 842 377 1349 1354 974 1304 273 276 614 1160 1009 413 1366 482 641 1200 1152 1108 317 1017 613 346 457 1350 503 671 170 1140 992 
1238 699 333 467 547 186 1440 350 459 567 964 470 76 228 687 909 868 386 560 475 702 77 1439 1400 885 140 402 408 309 393 1399 399 1091 584 865 490 769 1156 839 79 575 654 900 1002 881 86 410 600 471 969 1074 25 1397 1364 276 1134 4 677 41 664 1421 291 1414 1011 874 1130 1500 495 786 1191 925 212 344 325 1213 77 410 122 676 1233 1442 602 1257 191 465 32 1324 820 1060 216 336 980 858 601 842 584 231 1194 1078 1368 884 502 79 79 1178 1291 507 88 1412 1183 172 205 636 280 395 1100 663 570 772 222 1137 1459 53 495 559 894 1078 789 939 1007 656 322 360 1086 753 38 876 1259 477 1139 1293 648 1344 428 927 590 380 89 1160 3 662 1148 1461 714 142 519 107 71 160 1046 1077 1167 219 1437 753 1323 1474 128 1434 450 119 1226 1449 314 506 875 903 1237 1315 914 1239 476 562 1199 1189 1055 569 147 1126 728 44 1054 747 263 1342 1499 437 1315 478 370 616 596 
448 916 909 1305 290 664 1041 104 77 779 931 990 829 619 545 1397 766 170 977 1161 75 223 1423 1417 221 712 83 698 1081 1051 146 380 466 1054 184 1108 217 1224 63 646 854 994 135 182 112 679 431 1229 1200 259 890 
127 481 1164 43 1053 375 125 602 308 1175 1099 687 493 653 1223 100 1221 1298 162 718 652 1155 853 1185 119 383 115 199 435 373 1440 561 1205 1456 955 1109 330 1079 563 989 1106 161 528 98 1165 250 549 1238 47 710 455 1050 365 159 735 835 894 1201 1033 180 426 1325 1092 482 1280 546 91 461 476 1005 1450 433 17 829 882 1182 1078 1430 1271 1476 640 577 1378 1356 1088 612 1042 481 312 574 1012 1089 750 955 71 529 1500 513 990 827 17 1291 1260 33 619 993 66 548 923 188 875 414 765 752 621 352 1363 162 1184 527 1087 1047 115 337 501 185 1217 852 697 1058 178 1065 848 289 1450 318 1282 367 1217 1056 555 592 1469 171 1343 941 874 58 1102 
557 936 1040 455 1050 228 955 87 1445 306 1135 1002 835 700 702 1124 1001 1371 905 1367 1088 460 421 179 780 591 373 220 316 430 173 872 217 64 178 119 292 1132 205 588 289 191 441 1124 890 1142 747 742 1013 503 609 600 1314 1381 1130 593 824 2 1164 1139 784 188 511 1000 251 1040 1118 542 672 174 1481 1312 365 422 935 106 63 533 848 1427 1035 308 878 848 188 507 292 1011 861 307 650 144 494 12 1495 745 1051 1465 138 574 490 471 386 854 892 1320 1312 954 353 659 1233 239 966 610 1439 5 1469 582 1016 829 889 165 1324 234 528 170 1330 78 134 320 652 624 790 1037 329 181 1208 140 1486 412 1150 1218 651 967 680 941 972 648 22 487 328 910 1003 151 1496 30 320 1325 459 806 144 1110 281 933 998 961 1113 706 1453 1099 1117 1102 1168 619 921 347 59 392 1346 81 1230 173 1342 1084 675 1337 1465 1347 14 423 652 157 33 1284 1442 1382 744 1054 587 696 1004 556 650 1024 1174 70 222 1233 813 68 165 894 592 358 829 1267 195 793 1113 560 1215 616 716 99 399 657 1481 1494 563 567 1042 418 1122 191 1441 1148 612 163 1232 276 582 1396 21 1173 253 849 1291 799 141 903 1358 1355 370 926 1454 768 434 286 1114 996 852 655 1414 826 845 206 825 308 720 556 583 153 451 603 1326 1055 1451 1468 706 443 871 915 297 1240 340 602 860 1126 887 473 621 591 1127 886 268 823 1444 1092 1130 663 147 212 816 949 1166 993 855 1116 960 412 58 682 1327 706 774 518 160 133 143 1398 957 1116 488 935 853 1107 257 796 698 238 1459 1196 449 1126 644 466 618 351 81 429 762 490 1463 588 1195 736 1458 206 1220 100 104 1028 67 943 462 920 550 1070 215 99 1307 525 147 607 150 1142 1072 1119 1492 1152 400 754 493 362 193 539 1097 502 745 1168 602 1200 695 1020 642 1156 439 43 725 1006 494 883 30 640 1489 532 281 1060 502 273 1063 901 1378 55 114 422 593 62 924 189 1229 377 1388 423 1396 530 430 687 924 6 192 1417 888 221 556 876 752 837 787 106 1461 349 1006 190 755 1472 611 200 33 386 388 1262 762 276 536 1010 1157 1318 196 580 1323 387 
497 1063 607 1404 790 211 1092 77 316 1404 777 173 93 32 144 1056 231 529 1441 970 290 1055 1245 1177 564 901 994 759 333 1169 1145 1181 731 603 1084 372 1165 1028 448 332 931 77 857 1376 108 1000 931 690 380 1223 511 1021 777 256 698 1340 8 543 950 340 563 946 372 145 401 308 517 65 1335 964 397 1117 1392 105 1344 1499 1456 774 1040 336 849 403 1356 477 658 905 317 1017 1448 118 209 862 1064 580 1007 1464 887 23 380 1073 
1338 1128 690 1230 1232 533 80 1188 159 1472 23 1359 374 230 335 1383 1135 1003 899 1434 1121 1459 795 1036 539 301 1351 277 323 230 202 513 210 891 242 1441 275 673 1480 785 644 354 995 1017 584 1330 899 570 832