1
10000 9999
54 36 87 40 20 89 26 49 92 73 52 55 25 87 63 28 69 4 71 69 9 74 33 100 9 23 99 43 38 94 76 91 29 14 83 1 2 8 1 94 80 53 48 56 91 63 36 12 18 6 80 27 79 13 26 40 35 24 82 25 17 57 15 98 23 49 98 24 56 98 17 87 2 17 95 93 79 30 
56 96 35 35 22 66 99 99 5 86 75 86 10 43 95 76 40 17 25 89 40 80 39 9 19 40 25 13 32 55 42 87 50 28 74 24 93 72 22 49 57 48 35 66 91 81 42 30 49 18 71 40 97 9 48 15 48 24 79 32 78 20 70 80 48 43 3 92 15 76 41 23 24 27 41 14 7 
82 95 55 51 65 46 47 25 94 14 73 69 92 4 99 64 73 78 11 16 32 2 82 7 42 56 82 20 96 47 26 29 94 32 79 10 78 26 35 23 91 7 43 82 10 41 45 34 18 7 1 1 61 34 60 54 90 41 74 85 40 51 14 33 83 92 42 12 69 76 34 11 34 76 45 95 69 41 29 38 48 81 39 60 15 98 13 4 90 86 88 81 37 53 13 71 97 7 82 65 34 67 28 68 94 72 62 62 12 42 100 11 23 90 70 37 39 83 40 80 20 79 61 8 84 25 78 80 31 11 96 17 77 23 84 71 94 97 84 6 39 35 68 13 76 38 49 14 20 40 94 91 70 6 99 53 30 76 32 13 87 28 29 15 2 64 37 96 60 21 53 50 7 20 14 83 57 14 96 28 53 41 19 75 46 17 27 76 92 11 88 30 90 68 45 91 31 81 38 42 53 90 92 60 62 57 42 18 71 89 98 75 30 16 49 27 84 28 2 27 90 41 57 79 8 53 21 90 33 59 32 
38 48 75 97 9 31 90 79 1 78 76 76 59 91 24 86 26 3 39 52 92 32 8 70 39 60 91 29 45 1 12 34 48 86 30 9 16 71 87 69 100 62 44 11 4 19 96 29 22 86 32 65 17 40 87 8 51 29 88 47 29 99 80 76 84 61 84 51 31 22 19 31 35 62 41 90 33 88 70 6 25 2 70 42 93 56 49 43 84 88 42 12 86 21 40 69 82 75 19 64 97 90 94 83 51 86 73 83 73 42 88 98 95 10 91 87 65 91 30 1 78 71 64 63 43 3 83 24 78 53 88 26 42 33 8 45 19 32 79 43 26 19 92 20 28 34 7 44 24 88 44 53 10 8 67 52 62 1 28 39 54 67 16 47 99 76 91 69 7 70 64 32 88 7 4 67 41 10 10 16 49 6 21 58 13 87 9 74 88 88 65 93 54 32 39 5 7 30 25 14 51 88 97 90 47 100 56 39 61 17 54 9 22 74 66 86 13 27 12 100 14 28 92 20 59 82 24 18 63 100 31 13 40 79 54 86 31 61 24 91 30 29 100 51 55 17 89 67 95 100 18 61 79 61 80 37 42 55 54 5 54 36 69 93 67 75 30 97 35 5 39 64 34 90 67 88 7 55 6 53 6 23 13 36 35 92 72 28 98 78 32 4 65 53 48 83 27 78 79 13 82 18 77 67 7 95 6 65 1 11 18 6 85 30 93 19 74 64 47 23 93 30 26 10 34 74 92 60 3 71 25 36 40 53 3 98 47 8 15 47 19 84 4 55 65 96 26 38 11 72 61 56 53 38 65 87 11 56 98 13 78 74 49 69 26 3 19 72 10 33 70 80 68 25 35 32 20 60 22 83 83 82 38 87 71 54 73 82 61 23 46 91 96 46 11 22 48 29 45 10 13 67 89 32 91 75 64 63 34 85 97 68 18 86 55 88 39 27 21 51 1 67 41 49 64 4 22 64 84 18 73 49 84 13 80 75 88 43 89 21 79 85 89 96 70 43 84 60 21 56 10 74 74 3 22 38 6 95 53 41 12 25 89 96 37 69 22 76 63 10 49 42 94 37 37 15 31 72 74 3 28 83 28 53 37 1 90 94 95 94 35 7 18 23 54 7 91 75 34 54 36 82 47 81 70 83 95 52 7 20 55 86 2 34 38 91 35 80 84 29 73 18 87 43 41 40 1 83 66 34 88 1 16 34 81 37 17 27 89 75 46 95 60 100 28 49 90 62 28 25 43 1 43 29 95 35 21 47 17 38 80 5 39 47 38 71 84 6 50 24 80 95 18 91 46 45 40 87 7 67 12 1 19 6 29 65 40 1 11 56 39 43 12 29 89 50 99 24 7 100 47 39 47 16 81 92 61 20 79 19 39 42 19 9 47 99 74 86 100 36 93 38 78 5 18 19 6 68 94 12 68 93 2 14 8 83 5 68 2 35 86 92 76 56 1 22 55 26 59 54 61 52 43 39 56 60 9 13 27 2 76 94 94 78 59 54 12 64 21 65 50 59 57 78 66 9 51 20 34 10 73 94 13 67 84 68 78 44 32 5 46 7 50 91 84 61 44 47 76 
17 12 25 27 68 2 92 76 53 64 9 14 88 54 26 55 90 45 32 85 76 88 30 34 90 73 70 50 68 16 77 36 27 1 14 94 55 58 21 59 21 81 72 8 35 97 62 76 93 46 60 68 85 42 1 26 66 70 27 85 38 3 21 64 4 86 58 10 43 30 68 63 11 39 71 97 87 32 72 79 29 83 98 14 76 50 91 93 72 18 78 9 20 50 72 75 35 81 84 78 11 51 40 21 41 10 69 27 94 40 57 22 74 6 87 2 56 78 94 79 47 71 87 66 20 10 93 55 43 28 84 53 31 23 25 71 33 93 50 78 84 6 51 9 12 38 10 19 67 56 97 13 78 35 30 98 44 74 4 86 2 87 90 32 61 66 54 45 10 3 22 45 61 73 6 24 62 67 94 28 22 90 92 100 24 73 49 19 47 4 57 100 90 98 83 2 64 88 47 25 91 68 70 3 92 75 78 53 41 71 32 15 12 23 14 87 48 62 57 46 17 13 45 58 11 79 59 26 66 5 50 8 25 71 62 16 97 39 21 90 61 52 4 24 27 69 10 74 30 19 19 46 31 15 3 93 93 13 18 10 70 20 18 94 42 79 61 39 70 81 28 82 85 31 6 11 99 67 84 80 85 54 77 68 68 31 60 12 95 30 73 64 1 90 57 42 21 70 80 42 2 59 75 86 41 80 48 91 99 31 70 35 36 98 2 55 80 14 18 75 95 91 38 47 32 47 88 4 16 20 45 17 78 20 55 71 51 2 61 49 85 83 36 20 80 37 27 12 2 44 86 48 34 75 94 18 21 82 21 88 53 66 57 82 37 11 52 39 64 13 40 48 47 75 20 26 63 46 37 65 41 74 12 27 49 6 44 69 39 64 57 43 29 65 24 17 75 28 56 38 40 95 38 86 69 57 63 31 54 52 47 94 25 11 20 25 68 63 46 6 79 54 100 59 18 23 76 92 50 83 81 41 77 18 78 97 26 93 79 31 44 78 25 20 88 96 97 55 11 42 12 89 95 11 47 12 85 74 55 35 56 35 27 32 5 57 80 82 49 11 13 44 88 89 15 27 84 11 33 46 52 44 34 46 6 81 9 90 54 63 76 62 50 55 45 6 11 25 87 59 87 51 2 74 39 16 52 75 79 84 20 30 79 54 28 84 86 36 25 91 51 53 52 52 7 97 57 69 73 95 27 59 46 80 32 36 47 35 10 
25 18 30 7 96 35 34 31 72 21 55 62 71 59 66 74 17 62 30 85 86 25 63 44 22 94 27 57 41 61 67 17 78 48 23 73 34 8 55 5 29 9 18 51 20 83 25 36 96 54 73 33 30 87 76 3 81 2 60 73 14 78 89 91 77 64 15 10 71 69 66 99 30 35 2 1 70 26 
88 65 31 60 98 13 47 25 15 79 79 74 51 92 3 91 35 79 54 49 40 25 70 5 75 51 40 76 51 9 53 38 25 36 50 74 48 96 51 14 26 29 40 76 20 42 66 54 73 20 55 12 96 24 69 22 26 60 98 76 20 2 65 96 37 14 70 36 61 72 50 86 100 89 61 71 82 27 25 54 98 31 66 93 6 34 14 31 93 63 6 64 17 70 59 5 36 80 41 96 51 42 82 50 30 42 21 11 20 97 17 69 79 82 61 84 67 27 14 11 41 71 74 57 92 32 14 27 12 54 23 62 47 4 64 76 97 36 38 69 84 6 37 62 87 50 45 5 76 10 15 68 80 40 77 71 72 90 50 35 95 72 48 41 27 63 68 75 98 57 43 33 63 80 94 1 29 38 6 56 47 72 23 78 12 51 1 35 92 50 21 86 21 68 78 99 83 45 73 80 54 16 65 16 47 58 16 75 48 73 30 46 45 4 24 8 7 24 94 98 73 14 84 45 33 61 95 15 58 67 47 
11 34 11 78 80 68 93 54 67 18 35 13 14 91 36 21 97 59 66 46 83 79 81 79 11 42 73 78 51 39 24 13 25 86 90 4 5 34 10 72 51 96 84 16 38 19 88 86 29 53 32 63 31 12 41 94 5 13 23 55 3 46 67 27 83 8 83 87 42 44 58 92 39 41 60 29 11 
47 14 91 100 45 53 82 57 93 75 13 57 49 20 12 46 86 90 28 46 72 15 87 67 24 30 6 17 89 86 79 36 99 70 35 96 74 16 52 19 43 16 75 91 35 86 89 73 76 16 18 99 82 4 66 6 33 23 74 74 8 52 9 58 73 95 53 47 62 56 65 56 72 91 99 6 77 
87 30 4 2 47 54 84 50 71 41 35 45 14 8 52 17 68 62 90 62 14 36 75 22 52 31 93 42 29 50 70 15 80 25 16 26 79 51 28 1 91 14 46 56 73 49 73 40 10 14 53 76 49 27 97 100 9 89 41 37 90 63 3 69 87 71 47 65 21 26 66 64 39 63 71 11 11 
43 2 21 8 6 96 56 84 92 7 93 32 100 81 21 62 84 42 48 54 88 65 74 13 82 89 3 44 60 13 54 54 66 74 62 71 21 69 54 12 28 98 95 27 79 16 40 62 9 39 67 96 3 92 60 84 81 62 79 92 26 33 45 91 58 58 13 31 27 66 94 54 64 89 32 94 56 23 55 64 61 21 59 64 12 70 99 44 83 78 35 60 62 32 50 71 89 14 1 67 31 95 72 46 83 3 39 38 25 45 1 38 17 11 1 29 32 51 24 14 80 59 73 41 42 74 12 30 87 64 97 17 58 20 15 40 23 53 29 99 98 29 36 14 91 88 94 22 39 70 87 70 80 59 
11 21 84 74 50 22 37 98 91 95 18 5 86 92 57 15 42 6 95 30 20 38 17 65 59 7 34 46 77 13 56 39 33 92 64 35 13 52 84 3 98 53 7 84 96 64 50 38 69 96 67 40 33 35 5 44 94 90 41 70 55 96 60 87 39 23 73 52 74 9 54 72 61 61 7 57 76 8 46 96 3 64 36 36 98 92 31 91 33 71 12 87 18 23 26 57 97 98 8 71 58 13 94 19 25 52 27 100 59 24 96 61 87 83 48 36 26 30 79 58 100 42 45 18 65 70 26 13 19 85 83 29 97 28 99 22 31 25 73 89 100 20 2 38 2 1 73 79 31 3 37 30 45 33 99 61 54 76 73 24 60 8 52 9 87 50 82 18 26 54 6 25 26 59 62 79 60 87 58 90 89 46 71 85 78 22 45 31 97 70 6 9 77 58 17 15 7 50 32 85 3 90 9 80 48 23 59 7 9 16 48 49 61 71 34 90 92 30 72 40 99 77 48 27 34 16 42 93 65 73 77 20 14 37 99 62 59 9 20 19 24 68 68 36 38 53 77 81 82 48 20 33 25 20 59 10 87 52 2 52 77 30 23 90 67 73 51 77 82 71 48 57 90 67 45 79 19 21 11 52 21 82 84 45 1 95 6 40 98 60 43 74 89 65 64 7 37 66 36 70 88 83 27 29 49 23 7 19 43 69 70 63 51 6 59 3 52 65 42 49 24 84 75 64 48 38 23 37 55 58 6 43 92 84 71 92 6 30 10 1 98 31 15 48 36 74 51 39 90 92 88 65 28 62 80 75 51 2 63 5 11 21 99 2 56 70 93 14 51 2 14 48 33 80 48 20 53 98 11 94 41 98 10 68 11 90 95 13 91 
9 69 2 29 68 55 85 89 48 98 39 1 63 38 85 42 85 57 47 34 67 92 27 16 2 46 26 91 92 90 33 1 58 86 29 77 41 65 65 40 14 55 40 76 45 25 70 81 81 16 67 47 7 93 14 8 90 39 50 82 80 35 34 37 20 14 14 12 79 30 51 44 37 91 20 81 67 89 61 99 56 27 97 62 71 10 22 61 100 23 94 79 57 27 67 29 92 80 40 70 62 91 66 98 81 37 78 99 25 90 97 32 17 93 45 39 2 18 51 1 41 44 31 49 22 97 77 14 29 17 35 90 7 100 39 39 36 16 37 12 57 85 95 25 77 40 64 30 57 14 82 49 58 12 98 31 8 74 96 36 90 31 77 96 82 15 86 18 82 22 81 39 6 76 63 34 67 78 63 23 92 44 72 1 7 69 31 67 42 79 54 84 9 31 79 90 97 17 59 79 38 92 69 96 67 83 29 33 61 44 7 4 39 30 56 46 98 38 12 92 16 17 75 24 47 5 66 96 21 76 74 11 67 94 6 85 28 86 69 40 29 76 43 68 5 98 65 55 36 28 98 51 44 24 27 43 28 44 38 1 19 63 11 86 8 68 22 35 5 91 75 34 18 69 53 74 19 69 28 6 96 25 8 91 48 86 33 28 29 22 80 48 36 42 85 43 9 6 78 13 96 4 98 65 24 2 39 94 70 66 51 17 43 59 8 42 96 92 21 25 66 100 24 1 41 8 44 1 13 73 66 61 28 63 25 3 65 63 97 86 81 47 3 75 57 62 16 53 53 89 77 18 88 100 71 81 59 14 81 71 38 98 83 65 61 60 67 77 22 63 14 54 62 68 28 18 29 96 22 34 36 50 3 23 49 73 55 59 38 88 30 75 85 64 39 97 23 58 25 97 20 91 50 33 58 30 3 87 25 24 72 60 74 74 34 74 99 41 33 36 28 14 11 64 77 1 13 52 58 89 48 78 79 97 62 37 26 64 75 2 88 46 13 13 19 99 86 17 39 18 53 18 83 15 33 60 15 45 11 73 34 10 2 64 
6 63 100 84 27 74 37 66 19 50 78 90 48 15 58 86 33 10 55 67 76 87 26 91 32 88 63 17 97 64 80 55 78 32 90 56 57 26 21 76 75 50 17 22 65 74 59 49 36 13 15 11 52 93 53 83 32 15 51 29 30 82 35 60 65 24 15 22 49 36 49 76 37 65 49 1 38 8 49 25 72 64 36 23 8 40 57 39 55 59 19 36 93 53 95 57 28 62 78 29 49 26 4 85 42 52 86 32 11 86 56 35 1 43 57 8 83 66 47 89 24 65 76 68 70 71 25 97 84 2 77 32 80 80 16 21 84 53 52 46 39 60 80 91 2 89 99 36 6 97 24 81 61 100 49 82 22 73 31 5 26 7 88 5 87 3 78 22 8 81 19 98 40 99 88 94 39 38 29 44 34 5 24 47 4 72 28 77 96 58 33 22 17 20 78 3 74 55 76 33 36 94 30 27 44 70 20 82 7 49 77 93 53 53 91 8 76 70 36 72 80 68 45 96 87 22 50 12 29 25 45 64 
70 26 90 14 95 62 47 54 10 76 46 14 28 36 73 3 57 8 26 36 27 70 31 65 44 80 76 72 4 72 87 26 98 76 39 92 37 37 45 98 12 42 63 39 29 87 94 86 46 71 21 72 93 4 88 36 83 64 7 39 87 93 64 84 20 54 76 9 90 72 58 2 66 73 92 46 59 37 31 5 8 4 28 100 7 16 87 41 31 93 79 17 37 42 53 8 47 80 68 37 51 26 90 68 50 33 14 8 70 96 64 29 99 44 28 57 11 14 98 41 58 76 9 46 70 61 5 68 40 73 56 43 50 97 10 99 30 75 58 51 71 74 79 21 17 58 78 27 23 27 19 32 54 79 77 75 40 33 43 79 57 98 73 6 95 35 56 76 9 66 26 79 39 4 100 7 13 29 85 35 55 55 66 60 33 94 35 72 26 77 3 35 26 75 40 20 9 48 47 70 13 72 48 3 27 99 9 39 79 45 73 33 99 38 45 31 83 79 3 9 55 57 95 32 83 86 4 44 33 50 13 97 22 60 
99 48 11 59 87 89 55 59 74 53 49 18 84 31 96 38 91 2 46 85 33 28 71 36 71 55 86 83 52 59 95 2 6 5 13 44 93 67 3 18 72 3 35 7 85 82 44 76 83 41 12 68 68 34 55 39 89 40 73 92 50 67 45 56 23 9 99 16 28 53 85 99 7 20 5 92 1 100 19 36 40 30 3 7 64 57 97 4 49 22 47 98 88 91 5 11 52 56 78 79 60 62 77 67 33 81 58 86 32 28 21 71 57 75 29 72 83 26 27 31 47 73 81 86 16 37 48 67 44 77 97 4 91 73 22 23 5 31 60 36 58 80 58 14 6 86 38 89 63 16 71 61 89 3 47 56 40 46 74 83 23 70 38 65 42 59 87 98 89 99 85 46 78 42 12 36 27 1 24 42 16 94 2 56 97 100 11 88 46 84 70 20 5 60 84 46 18 22 95 59 72 79 56 50 20 19 85 99 19 60 40 87 53 93 42 1 93 53 88 90 88 10 61 93 69 96 90 38 69 85 96 41 15 
52 42 35 70 78 85 41 37 24 27 41 16 68 42 60 72 81 49 12 90 61 56 10 56 97 48 25 81 95 65 96 98 58 82 68 35 66 60 23 41 86 63 8 5 56 68 29 37 68 92 78 29 47 40 84 43 87 60 76 33 76 23 31 33 56 50 19 21 9 41 13 46 4 20 2 11 87 
82 99 55 73 77 83 71 68 18 14 6 78 41 38 5 15 68 38 70 17 8 42 77 49 54 74 4 73 76 14 60 9 13 66 82 41 100 52 8 17 17 13 46 57 50 3 71 70 40 92 38 99 33 67 47 86 40 50 59 67 64 70 76 28 87 9 68 86 60 75 2 77 39 100 85 40 2 8 9 93 99 99 91 84 65 90 69 56 39 79 75 54 100 2 81 86 10 100 71 69 74 25 97 64 76 34 4 77 41 64 21 91 14 11 74 30 100 95 86 91 25 12 44 25 13 77 10 22 76 33 42 2 57 91 65 32 24 20 60 16 36 80 58 1 42 84 31 94 78 68 84 2 79 79 78 91 7 88 12 83 72 5 36 80 95 100 63 70 72 22 37 59 53 95 59 94 78 89 39 7 56 22 60 86 53 38 76 59 77 39 93 48 44 28 27 90 80 89 60 3 62 48 61 14 42 19 7 71 60 46 77 67 19 37 53 23 74 28 34 50 19 26 49 14 6 75 3 37 15 14 39 76 
62 99 89 55 69 47 26 28 44 54 47 63 42 99 37 15 78 70 16 96 48 16 9 5 90 64 41 4 77 79 31 90 29 19 45 97 66 70 77 61 75 23 23 17 21 12 83 98 81 51 46 80 66 54 84 8 17 24 63 46 54 94 35 82 12 79 31 29 100 59 90 27 81 64 43 53 75 25 2 8 75 99 87 93 53 23 100 21 98 62 18 52 55 53 85 19 83 15 99 35 73 40 61 5 56 55 9 30 79 63 89 6 61 28 98 65 50 49 38 47 10 55 50 65 59 35 35 94 1 33 80 26 25 92 82 80 46 91 61 76 5 50 33 17 29 82 82 78 30 71 76 40 77 78 56 88 12 42 81 12 74 12 89 50 55 71 29 100 13 90 27 17 91 60 33 19 93 66 48 23 88 75 14 65 52 21 52 63 62 84 27 87 47 15 37 1 85 17 52 97 58 78 65 48 89 50 18 82 67 17 56 55 92 69 71 43 41 74 58 2 57 36 40 55 50 28 55 87 45 6 35 2 35 100 2 24 1 71 5 67 88 60 21 79 80 91 73 20 16 30 73 72 17 64 78 19 92 32 5 88 89 91 41 24 90 42 47 42 13 3 9 100 14 81 30 93 24 2 64 39 84 88 11 100 51 40 18 42 72 74 81 12 65 22 35 6 63 33 48 27 35 8 78 48 88 7 92 11 61 7 50 44 94 12 95 45 51 65 38 74 90 71 86 54 92 20 12 54 53 59 33 39 66 10 39 5 69 82 16 29 89 65 24 34 28 70 30 78 34 20 52 24 90 37 29 81 8 40 86 12 50 18 51 67 80 41 72 48 22 87 28 10 3 51 96 30 20 25 59 6 44 10 81 33 98 61 13 6 53 99 17 2 68 19 21 47 59 92 46 81 30 73 42 84 75 37 65 47 14 23 52 57 33 84 42 82 44 54 87 96 4 56 50 24 74 70 22 33 13 68 65 94 92 58 29 67 95 93 13 60 15 16 16 99 99 57 81 94 63 67 42 18 22 91 41 48 12 63 32 76 82 
96 21 73 53 49 91 99 41 3 58 55 70 26 54 68 34 86 14 96 52 55 14 26 45 6 25 8 20 56 83 53 51 3 26 55 51 68 6 43 71 15 97 40 40 2 60 26 87 73 21 91 27 86 68 23 44 92 30 63 47 12 16 49 66 93 55 16 60 12 58 82 27 6 74 18 60 33 43 98 57 16 88 35 53 7 57 96 98 38 59 96 49 26 44 66 18 51 81 29 62 90 63 88 95 36 58 6 20 100 4 28 67 43 62 20 50 70 15 99 7 25 47 7 50 42 72 19 92 52 100 54 93 62 93 39 97 2 45 68 2 100 95 20 42 56 39 43 25 6 94 83 30 40 89 32 81 60 2 73 63 1 78 55 14 22 93 62 24 89 29 77 88 23 96 30 30 87 24 6 92 17 88 21 56 76 52 37 87 6 61 49 6 90 55 72 11 100 33 86 88 62 62 76 36 10 57 18 96 80 23 87 97 63 7 4 90 11 92 77 16 4 77 73 93 32 44 56 31 29 41 70 90 55 45 77 64 1 94 59 33 69 45 81 31 3 84 72 65 28 48 32 31 77 57 76 8 100 31 90 80 23 11 21 77 56 98 40 8 43 50 40 63 46 72 45 1 8 17 65 35 64 97 17 92 5 44 99 56 74 40 36 49 3 56 77 58 5 17 17 48 18 9 62 64 80 7 64 87 23 80 73 
38 28 90 30 32 33 80 88 59 72 23 59 74 30 35 83 35 3 99 34 21 59 95 36 39 1 51 77 23 30 2 13 10 91 42 41 75 73 80 85 44 54 95 17 84 30 99 70 32 50 3 4 8 97 39 98 98 41 27 72 71 28 84 32 70 25 24 96 50 4 81 93 9 75 62 92 56 60 
61 88 61 63 43 69 60 82 18 9 74 44 80 96 71 64 27 92 40 51 88 89 54 68 34 14 94 95 6 50 6 18 89 67 33 31 87 44 64 4 52 38 100 83 33 22 98 12 14 90 62 1 30 67 20 63 80 65 57 37 66 63 7 54 81 39 37 67 34 52 22 85 41 73 19 26 47 
17 37 60 6 98 12 35 16 83 50 95 99 58 84 65 72 90 70 52 80 58 70 13 10 44 97 50 16 67 27 14 83 63 73 40 12 36 27 27 70 76 74 69 33 9 85 5 98 54 8 77 12 78 89 73 21 37 74 88 55 1 2 38 63 26 29 27 14 55 5 35 30 30 3 15 38 39 71 
87 93 78 63 56 55 3 28 27 91 53 67 46 53 20 35 68 97 63 94 62 70 50 97 99 80 99 65 17 38 35 4 82 13 18 89 19 73 16 98 15 20 64 60 73 35 46 40 83 9 85 45 78 34 41 28 65 91 45 82 80 79 37 61 43 6 1 62 78 16 59 93 36 74 4 60 60 50 51 42 10 87 86 39 20 26 18 37 69 62 18 48 41 6 61 83 11 61 96 41 29 54 85 16 79 88 75 90 89 25 32 50 11 17 88 82 95 6 70 63 67 87 62 59 44 22 94 55 83 89 47 11 95 31 26 25 70 52 15 59 28 46 8 90 14 48 23 60 5 93 74 71 31 36 
82 75 57 75 81 91 15 27 1 9 9 78 34 78 81 48 88 8 45 96 97 58 95 20 18 99 64 91 21 94 78 2 68 35 28 100 25 43 26 78 3 86 7 36 64 88 35 51 47 79 98 96 89 92 15 58 90 30 100 11 23 78 64 91 12 44 90 88 38 68 17 40 53 76 28 68 15 
62 71 61 93 68 56 81 12 22 38 1 51 37 63 74 66 79 16 77 22 57 17 59 76 85 50 81 12 77 100 26 91 70 39 83 38 94 15 1 68 52 53 70 40 16 95 6 46 62 34 19 71 2 29 46 39 78 78 50 7 78 76 97 47 14 79 36 59 93 36 78 96 89 48 87 56 94 92 1 56 78 71 26 79 51 23 17 28 1 67 86 78 94 82 24 7 12 60 17 56 95 95 51 83 94 90 38 87 81 90 94 10 60 71 89 10 46 57 90 46 75 27 75 68 9 98 26 72 9 95 28 56 89 30 90 34 19 80 72 52 69 66 61 81 88 1 42 33 10 83 30 84 10 4 4 70 2 81 41 62 75 20 17 15 2 7 48 20 86 20 23 6 37 84 38 24 36 80 9 45 14 38 81 23 42 36 44 95 68 85 56 43 56 25 9 57 31 57 29 68 28 51 73 64 86 11 39 22 42 47 18 55 37 50 30 78 37 73 72 5 9 79 99 65 3 7 73 85 15 1 52 42 52 77 57 89 39 96 10 32 94 80 86 30 81 67 7 18 40 30 22 100 61 72 64 63 78 89 48 45 89 51 38 40 79 95 29 69 42 90 100 35 21 38 65 2 4 23 71 95 5 92 95 65 15 10 27 92 98 26 88 87 29 26 78 7 72 58 76 13 100 27 47 20 64 63 73 20 38 43 14 42 86 60 6 100 22 84 44 19 62 31 57 90 8 87 48 79 96 75 91 95 2 90 67 17 52 91 36 89 34 2 82 71 61 87 23 34 23 66 5 84 48 61 25 56 99 72 86 95 47 77 41 100 18 7 16 69 98 4 10 83 5 91 53 17 30 75 51 4 92 7 39 40 19 63 47 18 86 84 64 84 60 4 83 77 11 51 98 60 54 59 94 10 49 46 26 30 73 28 33 16 86 23 7 5 85 53 22 71 37 85 54 48 40 89 77 2 39 26 61 44 84 54 53 84 52 30 66 76 10 98 91 95 73 98 99 57 2 72 79 90 8 85 38 48 73 66 49 63 91 62 6 26 67 10 9 18 91 74 45 100 24 36 47 96 85 45 4 86 69 83 76 76 67 65 23 91 82 24 5 72 85 62 97 51 71 57 21 61 31 65 13 54 52 59 1 36 3 4 74 23 86 1 99 4 65 21 46 46 44 50 69 80 11 17 31 33 73 51 94 3 15 6 8 19 16 8 54 70 64 79 93 49 79 91 5 95 63 50 92 59 52 60 38 62 76 68 95 1 70 40 3 37 97 63 55 12 22 8 81 85 39 25 86 17 15 90 12 30 91 3 88 42 15 25 4 42 93 50 42 14 41 97 50 37 11 4 100 32 64 32 17 2 57 54 18 23 43 81 52 85 84 39 27 50 64 82 91 8 83 85 21 23 81 23 59 91 26 10 74 41 41 42 42 49 95 12 24 89 92 75 74 27 66 52 76 29 33 19 88 15 3 60 37 83 82 47 25 8 8 98 48 100 92 42 49 86 5 72 75 96 98 100 75 63 51 2 43 83 20 30 49 74 90 37 8 71 83 32 30 42 82 30 41 73 23 89 10 
27 12 36 74 62 35 100 24 85 2 67 19 73 48 19 47 89 55 54 12 89 38 93 30 19 22 71 43 96 11 52 22 75 88 96 36 74 95 11 59 48 29 29 21 77 48 67 17 54 20 28 43 57 21 72 27 94 42 21 90 5 25 11 79 12 58 14 37 5 24 47 52 5 76 24 81 75 90 97 28 62 77 70 70 49 94 49 42 35 69 31 39 93 94 17 56 3 82 93 7 58 39 11 62 66 34 94 40 76 42 20 37 70 41 58 18 34 6 60 69 27 42 59 71 87 28 27 90 61 71 48 70 61 58 31 27 44 76 18 19 70 37 55 39 78 64 57 11 70 68 31 48 61 42 18 48 69 44 89 81 66 36 51 27 46 33 53 89 9 22 7 30 59 13 68 88 76 76 50 97 95 33 44 56 74 62 55 94 57 43 74 23 78 24 49 23 57 53 63 17 74 69 46 84 33 65 71 9 93 73 57 87 5 1 94 78 62 48 23 70 90 96 92 20 72 92 94 28 96 57 96 22 25 93 5 58 9 28 18 1 100 74 40 56 26 85 85 39 85 7 9 74 2 52 45 25 96 39 52 91 95 99 12 71 91 17 80 52 96 97 4 47 23 95 2 48 80 86 87 64 44 95 89 97 98 34 22 93 72 25 84 66 24 95 88 66 63 68 17 10 64 21 56 38 15 9 86 46 46 72 9 89 18 50 86 15 83 7 8 6 31 43 23 6 89 10 72 4 77 40 13 93 60 21 30 27 29 67 24 75 90 85 63 7 34 100 74 68 6 33 73 89 27 95 94 15 4 17 18 33 57 83 25 68 55 6 46 83 73 70 9 62 54 24 21 87 23 46 54 81 30 26 69 56 72 14 22 27 31 92 59 39 74 35 6 28 41 52 62 65 21 71 78 26 94 98 12 68 95 17 48 24 94 68 31 65 34 53 43 16 44 2 54 69 36 59 96 28 62 9 92 82 31 22 7 76 71 70 44 66 38 43 41 31 63 72 47 96 24 90 11 19 43 64 87 30 74 34 58 36 42 1 69 73 22 28 100 93 49 43 10 87 38 50 69 100 73 16 95 48 57 57 66 51 20 52 80 45 85 37 80 79 90 1 3 11 28 2 55 76 97 64 14 34 66 83 85 38 50 31 86 58 87 51 8 58 55 87 2 39 76 34 69 65 34 23 27 13 25 82 40 73 97 54 58 62 88 42 100 37 72 85 94 10 87 1 67 41 39 20 32 14 53 100 78 38 23 5 50 99 38 90 71 34 95 80 96 82 21 47 18 44 31 63 53 17 15 71 10 53 90 41 19 43 92 48 80 66 4 82 64 41 23 86 27 17 65 22 98 37 20 67 32 50 81 36 18 95 6 79 99 96 19 69 90 11 17 21 28 20 2 92 13 24 29 39 92 46 12 41 82 31 7 14 32 87 49 1 33 7 80 84 2 50 52 43 12 20 63 40 92 17 31 4 92 11 94 84 56 57 24 38 87 83 3 70 21 3 70 54 9 1 89 62 51 40 56 62 12 19 1 3 87 83 6 78 94 51 13 49 7 89 38 45 71 92 14 91 47 83 96 7 36 84 69 86 76 24 47 87 94 100 89 32 82 46 62 27 96 74 28 54 14 65 98 84 9 11 27 55 45 74 61 80 10 81 17 85 57 64 23 2 63 11 34 96 8 95 23 55 20 50 8 34 66 57 69 74 19 47 80 15 21 93 47 82 25 63 66 81 78 88 83 40 50 68 88 9 14 10 63 33 59 22 18 24 30 87 50 100 85 81 14 5 73 60 86 98 75 3 30 52 42 64 44 43 31 31 51 44 40 65 29 50 38 46 25 19 32 74 18 69 55 32 73 79 43 11 28 17 65 10 21 59 73 64 1 56 46 4 51 85 20 79 86 58 25 10 28 
8 36 46 76 42 29 1 72 71 63 100 40 79 9 60 37 33 75 38 88 20 93 39 56 12 69 93 21 45 2 49 5 89 46 80 30 74 32 2 96 46 53 87 25 13 98 61 45 72 50 85 43 42 23 50 6 43 42 26 88 96 74 92 84 19 23 66 44 7 19 40 52 71 26 28 83 24 89 79 47 90 63 42 84 37 91 89 80 33 14 19 80 40 62 63 58 36 80 54 42 98 93 46 20 70 73 2 93 13 33 92 3 95 33 38 32 23 26 63 7 91 33 86 30 94 1 40 29 80 93 71 30 37 68 49 6 40 3 51 53 35 42 7 29 26 44 12 48 21 26 7 11 58 44 41 51 96 32 32 28 24 54 57 60 21 5 17 60 59 67 64 93 8 70 74 33 65 85 33 85 63 91 96 20 86 88 23 82 19 54 9 42 59 17 53 79 21 69 90 80 36 54 24 95 75 97 80 40 34 64 24 96 54 19 67 91 6 89 72 24 94 32 17 4 48 21 82 69 42 24 100 29 77 23 23 51 72 54 42 5 17 66 52 22 36 18 13 42 59 36 17 4 68 86 8 15 58 41 35 99 64 86 27 92 9 2 95 32 7 36 36 76 53 39 49 89 8 13 82 18 49 50 22 68 35 81 82 45 21 69 43 37 54 22 28 14 75 22 45 33 58 32 8 10 70 9 98 78 21 31 95 21 81 68 88 67 100 22 11 21 90 6 57 43 79 36 57 5 58 53 37 67 85 97 76 6 5 26 35 77 56 30 98 88 49 85 55 49 58 17 21 47 74 29 42 52 64 50 56 21 2 45 87 86 93 15 92 97 92 26 73 99 7 70 87 8 7 93 8 64 9 28 63 83 56 4 86 71 53 94 44 54 90 30 92 82 96 35 78 87 60 2 86 19 24 24 78 82 16 85 45 76 12 59 10 19 62 48 89 66 41 32 20 30 14 63 63 61 97 40 48 8 93 85 26 68 60 55 49 75 39 46 2 50 4 64 20 66 11 61 83 3 44 2 84 9 16 46 70 12 37 17 72 29 53 49 97 
12 4 97 38 42 42 91 44 46 54 63 63 16 23 45 18 19 99 1 27 14 98 96 78 34 64 49 15 16 97 63 79 100 59 16 94 1 7 37 98 12 99 12 28 74 8 97 92 6 50 70 72 47 66 1 33 29 49 47 97 97 9 75 49 19 43 42 19 1 78 68 64 28 79 91 53 87 40 
96 44 89 66 67 87 83 67 19 63 67 65 59 64 25 86 64 44 80 5 14 80 34 34 95 13 64 86 18 2 77 13 46 17 30 12 3 64 31 74 27 97 90 37 60 15 74 75 10 53 79 23 84 64 56 79 29 72 16 46 73 92 10 18 8 92 82 62 55 12 35 81 8 25 70 20 91 
43 94 100 96 25 74 79 40 82 9 68 53 24 65 25 67 27 95 26 18 76 88 72 39 74 5 98 98 74 17 88 16 63 39 63 87 13 94 78 94 2 46 46 78 62 22 96 88 16 22 57 43 9 81 81 34 85 79 32 10 47 71 77 9 62 40 47 74 85 25 19 38 22 16 15 35 37 11 23 53 84 31 47 44 11 28 77 95 58 8 56 4 31 85 65 92 76 63 17 60 39 35 97 12 50 64 47 38 74 21 42 9 51 89 52 62 68 28 8 25 88 16 80 18 100 96 61 75 59 77 86 49 63 82 61 12 45 59 1 70 79 43 78 81 31 29 94 98 9 2 74 96 69 5 13 68 1 25 94 11 1 79 59 63 12 19 26 9 77 26 78 7 20 8 88 50 88 81 99 96 34 72 91 54 77 55 73 29 79 66 39 31 96 49 45 8 68 22 16 96 48 45 55 67 4 94 69 92 26 19 39 60 91 30 65 19 36 38 99 15 55 37 45 51 85 42 10 4 63 77 52 10 21 6 29 25 99 49 68 24 67 6 35 9 87 100 79 23 89 77 89 43 13 33 45 50 74 54 53 89 30 56 98 3 61 78 79 11 78 46 87 45 3 21 5 90 72 84 12 60 60 100 55 25 84 99 74 10 53 78 98 34 34 47 88 46 77 66 9 54 11 95 50 14 15 7 55 39 90 18 50 1 69 4 25 52 55 50 13 59 28 62 92 13 61 80 10 37 97 18 42 8 12 44 73 79 50 79 69 91 96 18 91 64 74 68 67 28 17 32 86 44 93 77 8 53 8 18 41 5 35 35 64 99 78 88 29 79 66 97 21 13 14 63 76 87 30 94 66 47 25 51 42 70 80 50 22 
39 19 15 43 5 49 58 3 78 45 83 8 62 79 28 74 45 90 1 31 72 95 49 18 71 99 11 40 78 12 14 17 30 28 11 87 28 21 41 5 65 24 64 79 2 91 4 46 32 5 29 3 99 77 72 21 75 83 61 5 94 74 73 76 53 83 62 32 3 2 36 20 25 99 50 79 41 53 24 72 57 4 27 7 80 98 28 7 80 40 63 26 13 35 1 17 69 62 48 72 15 35 43 92 85 92 70 25 44 45 48 53 49 74 59 80 72 38 38 3 77 100 28 41 86 28 57 55 41 56 78 8 90 20 99 26 11 68 50 6 64 50 58 12 75 69 44 46 6 81 1 35 33 28 75 18 8 84 72 100 39 49 7 81 20 57 6 82 76 8 88 40 57 97 3 31 17 46 29 75 27 29 9 11 8 83 28 67 18 52 19 57 52 77 89 72 34 94 53 9 1 92 100 9 41 3 40 57 48 20 31 26 100 39 36 59 74 64 26 91 15 44 99 66 72 87 89 5 81 42 66 33 85 65 42 25 19 33 34 67 4 64 92 3 55 80 61 28 43 38 70 9 33 69 26 5 55 15 61 87 8 78 72 44 95 13 69 13 97 2 79 100 17 23 54 71 2 66 50 96 56 20 56 40 40 81 44 46 47 57 33 6 34 56 50 80 20 70 93 16 71 23 67 39 97 20 10 98 37 59 45 92 30 100 32 69 81 27 15 79 35 99 85 21 54 86 100 73 55 92 88 77 67 6 15 63 77 76 13 13 35 57 57 16 57 40 85 89 66 51 19 53 49 3 73 2 88 72 74 94 64 13 70 82 70 85 44 46 60 56 10 46 13 66 62 21 5 98 61 23 48 79 75 96 34 47 97 73 18 22 67 33 86 36 14 55 20 10 100 32 65 9 77 29 27 90 49 31 87 9 5 34 40 79 81 73 77 29 45 47 2 63 31 87 99 45 93 70 6 92 1 70 53 78 99 31 19 99 13 6 8 18 91 99 48 24 71 25 52 67 71 54 30 1 92 80 97 85 49 2 28 50 24 32 79 22 62 97 20 75 54 79 44 97 29 91 20 51 67 23 18 89 76 99 42 20 78 38 56 26 92 83 27 15 67 5 88 80 54 59 6 7 90 49 3 18 92 74 69 58 97 38 99 24 36 40 43 65 77 50 42 20 33 69 86 51 73 25 30 26 84 36 85 25 36 39 94 27 13 14 37 9 51 35 84 38 26 79 2 54 28 96 74 12 64 11 62 36 36 44 14 71 79 98 95 66 88 88 93 100 54 81 60 4 67 44 94 92 22 47 45 1 42 70 13 5 81 74 93 16 17 6 86 47 55 32 13 42 71 57 94 24 89 53 80 55 48 73 98 21 71 94 22 13 64 86 69 96 59 61 11 28 18 48 26 24 79 38 18 1 46 11 77 34 15 56 88 15 80 37 35 50 31 8 14 46 93 35 41 4 47 51 83 17 50 8 40 80 98 57 80 43 19 56 29 86 63 68 100 42 5 86 44 35 94 9 80 38 43 20 93 42 22 75 58 23 35 97 2 84 6 33 26 24 41 6 9 3 74 60 
97 78 46 40 64 91 100 43 80 95 14 73 36 87 99 93 9 33 41 62 16 46 94 94 22 34 99 82 37 72 42 33 49 87 24 64 29 23 58 8 17 71 80 4 9 79 96 69 63 37 30 79 34 24 24 7 57 22 89 45 46 30 29 46 68 52 10 48 27 67 55 95 90 87 99 98 17 46 19 79 34 48 9 20 23 32 26 32 6 14 76 51 95 57 96 14 8 5 61 86 24 68 33 13 54 83 62 70 28 80 100 14 80 9 33 2 40 10 33 45 24 61 47 70 17 43 36 76 99 48 62 22 15 94 86 20 76 48 41 55 79 41 20 58 49 52 60 40 62 92 37 37 52 83 58 20 77 93 96 76 41 57 49 7 2 87 27 29 86 19 83 64 59 3 74 7 6 33 99 19 76 35 7 80 17 17 99 46 9 94 73 1 2 21 60 55 59 86 83 44 4 18 8 15 72 81 73 77 65 71 48 92 57 6 23 26 22 74 71 31 19 43 83 21 15 42 75 74 79 58 17 35 27 
76 49 98 8 21 74 24 44 73 68 100 79 90 25 100 63 47 82 82 89 17 54 56 58 28 29 37 37 97 23 63 25 71 60 84 43 86 8 38 58 75 90 88 16 14 40 79 13 21 12 1 37 65 8 47 44 88 83 33 85 5 47 61 27 59 44 21 44 3 59 53 29 48 93 45 13 32 75 25 4 38 78 41 2 85 87 97 73 21 29 9 77 28 21 55 86 16 75 81 19 85 85 99 84 77 95 97 8 21 73 12 58 2 4 59 39 42 8 63 62 36 23 90 15 43 44 100 58 70 80 28 55 65 79 38 41 73 86 1 94 11 64 51 12 67 62 2 8 69 64 21 56 38 62 71 
80 5 22 90 26 2 69 80 18 47 70 58 20 7 10 65 17 73 15 81 91 28 82 98 48 98 70 4 87 31 26 67 87 47 8 13 100 76 44 17 23 65 27 94 72 36 58 40 61 24 20 51 52 54 1 51 3 22 54 89 53 31 7 39 30 14 3 29 42 47 98 16 63 24 9 34 11 18 74 71 93 45 74 44 50 26 95 4 47 100 93 99 83 51 90 64 17 44 44 58 90 41 73 53 16 33 38 79 2 63 1 94 60 74 90 61 99 36 65 46 87 57 96 69 59 85 32 75 29 76 32 70 68 56 74 84 40 64 14 41 78 14 87 37 88 76 98 38 11 62 35 97 70 31 18 80 67 1 55 47 28 86 69 96 94 94 31 33 57 44 26 35 57 12 23 96 39 72 86 49 85 20 97 6 2 14 86 69 67 40 67 94 77 35 89 70 29 71 55 37 66 80 23 75 43 98 70 81 69 7 81 54 27 77 11 28 43 96 48 9 87 15 2 64 49 43 33 29 65 39 18 31 70 40 5 12 37 26 44 58 33 24 11 11 1 73 90 95 69 38 55 55 4 8 70 4 2 3 33 67 93 2 97 63 41 53 74 30 30 18 87 14 41 49 24 93 21 66 39 89 55 93 96 58 1 65 61 2 19 45 20 12 46 68 74 39 20 99 68 2 68 54 15 61 54 91 5 74 56 44 15 
10 88 10 67 40 26 79 42 97 24 13 8 21 81 33 11 52 83 78 53 51 83 68 11 36 58 15 10 65 10 76 74 98 37 92 37 62 70 30 58 45 43 17 18 23 1 28 26 84 58 79 86 40 46 96 28 55 62 89 19 72 64 44 69 100 35 57 13 56 87 23 1 81 39 18 55 
92 97 80 27 54 58 12 94 55 59 73 9 20 61 79 43 76 22 63 27 56 20 39 12 58 61 64 38 52 33 92 43 29 71 69 83 29 80 28 35 90 52 96 9 12 74 52 39 96 66 65 3 85 3 66 42 16 29 79 67 13 22 61 42 93 81 76 73 12 55 7 1 6 2 61 69 28 64 
7 75 30 71 77 14 25 95 8 92 75 38 58 88 60 70 81 4 50 56 76 61 10 34 13 67 88 74 35 67 37 93 41 66 15 69 32 91 63 39 83 38 28 92 77 87 62 57 90 63 64 17 76 25 3 88 91 90 61 77 8 50 69 48 15 35 16 46 25 31 36 7 20 64 99 96 2 12 4 44 74 67 60 49 91 62 37 33 3 49 9 10 98 29 9 13 63 25 10 39 7 98 46 26 13 96 73 14 7 76 57 32 94 69 81 84 30 69 16 85 17 76 46 67 4 55 79 18 31 40 56 89 89 1 14 1 48 38 67 6 65 23 38 58 91 70 93 73 38 60 9 6 35 54 72 90 60 
2 7 42 94 62 30 82 15 95 35 14 32 1 20 96 75 9 53 18 30 45 90 67 4 50 24 90 55 48 79 67 49 37 8 94 99 38 28 65 84 62 78 16 14 49 11 88 9 16 5 38 12 46 4 68 95 80 57 2 27 88 68 27 24 75 21 74 64 48 90 48 9 20 63 22 68 25 61 77 
92 66 14 4 63 70 23 10 1 31 11 27 70 78 5 94 4 25 19 20 72 61 67 32 80 81 5 99 57 66 27 49 83 93 4 97 62 78 6 14 8 68 92 78 97 96 23 1 21 93 20 44 53 38 28 84 18 32 83 26 49 9 74 83 1 29 80 14 58 37 79 66 5 70 95 1 66 17 53 38 61 24 81 66 61 8 49 78 92 31 56 92 92 29 27 44 10 58 10 67 94 88 84 50 58 78 3 75 46 55 12 7 31 92 72 91 52 72 21 95 55 76 38 46 56 64 41 17 73 50 84 67 90 19 68 99 97 22 73 94 29 84 52 59 27 75 49 30 47 69 24 1 96 14 98 52 77 90 68 50 40 3 68 81 22 87 79 70 9 51 63 37 86 67 47 12 41 95 94 39 16 69 39 63 82 88 14 11 78 34 12 69 88 31 49 9 17 27 30 77 29 45 65 66 11 11 29 3 58 22 42 73 91 80 87 24 20 1 34 49 86 97 17 73 27 17 34 96 95 63 72 23 7 89 88 69 99 16 72